#superficie
#vertices 12 5
#lin-0
#v00 -78.0 -50.0  02.0
#v01 -76.0 -36.0  07.0
#v02 -72.0 -16.0  10.0
#v03 -72.0  12.0  08.0
#v04 -74.0  26.0  04.0
#lin-1
#v10 -68.0 -50.0  02.0
#v11 -66.0 -36.0  07.0
#v12 -62.0 -16.0  10.0
#v13 -62.0  12.0  08.0
#v14 -64.0  26.0  04.0
#lin-2
#v20 -54.0 -44.0  06.0
#v21 -50.0 -28.0  10.0
#v22 -46.0 -12.0  12.0
#v23 -48.0  10.0  08.0
#v24 -44.0  22.0  06.0
#lin-3
#v30 -26.0 -40.0  10.0
#v31 -30.0 -26.0  14.0
#v32 -32.0 -14.0  16.0
#v33 -28.0  12.0  08.0
#v34 -24.0  24.0  06.0
#lin-4
#v40 -06.0 -44.0  08.0
#v41 -12.0 -32.0  12.0
#v42 -14.0 -10.0  14.0
#v43 -08.0  12.0  10.0
#v44 -10.0  28.0  04.0
#lin-5
#v50  08.0 -46.0  06.0
#v51  06.0 -34.0  10.0
#v52  04.0 -08.0  16.0
#v53  10.0  10.0  08.0
#v54  12.0  32.0  02.0
#lin-6
#v60  18.0 -50.0  02.0
#v61  16.0 -36.0  07.0
#v62  12.0 -16.0  10.0
#v63  12.0  12.0  08.0
#v64  14.0  26.0  04.0
#lin-7
#v70  28.0 -50.0  02.0
#v71  26.0 -36.0  07.0
#v72  22.0 -16.0  10.0
#v73  22.0  12.0  08.0
#v74  24.0  26.0  04.0
#lin-8
#v80  34.0 -44.0  06.0
#v81  30.0 -28.0  10.0
#v82  36.0 -12.0  12.0
#v83  38.0  10.0  08.0
#v84  34.0  22.0  06.0
#lin-9
#v90  48.0 -50.0  02.0
#v91  46.0 -36.0  07.0
#v92  42.0 -16.0  10.0
#v93  42.0  12.0  08.0
#v94  44.0  26.0  04.0
#lin-10
#v40  56.0 -44.0  08.0
#v41  52.0 -32.0  12.0
#v42  54.0 -10.0  14.0
#v43  58.0  12.0  10.0
#v44  50.0  28.0  04.0
#lin-11
#v30  66.0 -40.0  10.0
#v31  60.0 -26.0  14.0
#v32  62.0 -14.0  16.0
#v33  68.0  12.0  08.0
#v34  64.0  24.0  06.0


#linhaFim
